Z000000000  -0.12  -0.30   0.03  -0.15  -0.20   0.25  -0.17  -0.45  -0.28
Z100000000   0.64   0.26   0.16   0.19   0.15   0.08   0.00   0.00   0.00
Z010000000   0.00   0.42   0.15   0.00   0.00   0.04   0.06   0.00   0.00
Z001000000  -0.16  -0.12   0.28   0.00   0.00   0.00   0.00   0.00   0.00
Z000100000   0.42   0.22   0.00   0.77   0.40   0.30   0.07   0.00   0.10
Z000010000   0.00   0.00   0.00  -0.15   0.22   0.00   0.00   0.00   0.00
Z000001000  -0.31   0.00   0.16   0.00   0.00   0.11   0.00   0.00   0.00
Z000000100   0.00   0.00   0.00   0.00   0.00   0.00   0.75   0.26   0.06
Z000000010   0.00   0.00   0.00   0.00   0.00   0.00  -0.05   0.43   0.12
Z000000001   0.00   0.00   0.00   0.00   0.00   0.00  -0.15  -0.20   0.36
Z100100000   0.07   0.00   0.00   0.00   0.00   0.04   0.04   0.00  -0.09
Z000100100   0.09   0.06   0.05   0.09   0.06   0.05   0.00   0.00   0.00