Z000000000  -0.38  -0.03   0.10  -0.72  -0.05   0.18  -0.15  -0.26  -0.57
Z100000000   0.42   0.00   0.00   0.23   0.00   0.00   0.00   0.00   0.00
Z010000000   0.00   0.39   0.00   0.00   0.17   0.00   0.10  -0.28  -0.18
Z001000000  -0.11   0.08   0.39   0.00   0.10   0.28   0.00   0.00   0.00
Z000100000   0.47  -0.07  -0.13   0.51   0.00  -0.06   0.13   0.17   0.00
Z000010000   0.00   0.57   0.14   0.00   0.66   0.00   0.00  -0.54   0.00
Z000001000   0.00   0.00   0.52   0.00   0.00   0.62   0.00   0.15   0.00
Z000000100   0.11   0.00   0.00   0.20   0.00   0.00   0.38   0.00   0.00
Z000000010   0.00  -0.20   0.00   0.00   0.00   0.00   0.00   0.40   0.00
Z000000001   0.00   0.16   0.00   0.00   0.00   0.00   0.00   0.00   0.28
Z100100000   0.05   0.00   0.00   0.06   0.00  -0.02   0.06   0.00   0.00
Z100010000   0.00   0.00   0.00   0.08   0.00   0.00   0.00   0.00   0.00
Z100001000   0.00   0.00   0.00   0.00   0.02   0.00   0.00   0.00   0.00
Z100000100   0.00   0.00   0.00   0.04   0.00   0.00   0.03   0.00   0.00
Z100000010   0.00   0.00   0.00  -0.04   0.00   0.00   0.00   0.03   0.00
Z100000001   0.06   0.00   0.00   0.00   0.04   0.00   0.00   0.00   0.00
Z010010000   0.00   0.00   0.00   0.00   0.00   0.00  -0.04   0.00   0.00
Z010001000   0.00  -0.04  -0.03   0.00   0.00   0.00   0.00   0.08   0.05
Z010000100   0.00   0.00  -0.03   0.00   0.00  -0.03   0.00   0.00   0.05
Z010000010   0.00   0.00   0.00   0.00   0.00   0.00   0.00   0.00   0.05
Z001100000   0.00   0.00   0.00   0.00   0.00   0.00  -0.03   0.00   0.03
Z001001000   0.00   0.00  -0.06   0.00   0.00  -0.07   0.00   0.00   0.00
Z001010000   0.00   0.00   0.00   0.00  -0.09   0.00   0.00   0.00   0.00
Z001000100   0.09   0.00   0.00   0.00   0.00   0.00   0.00   0.09   0.00
Z001000010   0.00  -0.07   0.04   0.05   0.00   0.00   0.04   0.06   0.00
Z001000001   0.09   0.00   0.00   0.09   0.00   0.00   0.00   0.00   0.00
Z000100100   0.04   0.00   0.00   0.06   0.00   0.00   0.00   0.00   0.00
Z000100010   0.00   0.00   0.00   0.00   0.00   0.04   0.00   0.00   0.00
Z000100001  -0.07   0.00   0.00  -0.09  -0.05   0.04   0.00   0.00   0.00
Z000010100  -0.13   0.00   0.00  -0.10   0.02   0.00   0.00  -0.06  -0.08
Z000010010   0.00   0.00   0.07   0.00   0.00   0.00   0.00   0.00   0.08
Z000010001   0.00   0.00   0.00   0.00   0.00   0.00  -0.06   0.00   0.00
Z000001100   0.00   0.03   0.00   0.00   0.00   0.00   0.00   0.00   0.00
Z000001010   0.00   0.06   0.00   0.00   0.00   0.08   0.00   0.00   0.00
Z100100001   0.00   0.00   0.00   0.00   0.00   0.00   0.00   0.00   0.01
Z100010100   0.02   0.00   0.00   0.00   0.00   0.00   0.00   0.00   0.00
Z100010010  -0.03   0.00   0.00   0.00   0.00   0.00   0.00   0.00   0.00
Z100010001   0.00   0.02   0.00   0.00   0.00   0.00   0.00   0.00   0.00
Z100001010   0.00   0.00   0.00   0.00  -0.01   0.00   0.00   0.00   0.00
Z100001100   0.00   0.00   0.00   0.00   0.00   0.02   0.00   0.00   0.01
Z010010100  -0.02   0.00   0.00   0.00   0.00   0.00   0.00   0.00   0.00
Z010010010   0.00   0.00   0.00   0.00   0.00   0.00   0.00   0.00  -0.03
Z010010001   0.00   0.00   0.00   0.00   0.02   0.00   0.00   0.00   0.00
Z010100001   0.03   0.00   0.00   0.03   0.00   0.00   0.00   0.00   0.00
Z010001100   0.00   0.00   0.00   0.00   0.00   0.02   0.00   0.00   0.00
Z010001001   0.00   0.02   0.00   0.00   0.00   0.00   0.00  -0.02   0.00
Z001100001   0.00   0.00   0.00   0.00   0.03   0.00   0.00   0.00  -0.03
Z001001010   0.00   0.00  -0.04   0.00   0.00  -0.03   0.00   0.00   0.00
Z001001001   0.00   0.00   0.00  -0.05   0.00   0.03   0.00   0.00  -0.02