Z000000000  -0.18  -0.08   0.13  -0.26   0.05  -0.02  -0.01   0.05  -0.05
Z100000000   0.42   0.00   0.12   0.00   0.00   0.00   0.00   0.00   0.00
Z010000000   0.00   0.53  -0.10   0.00   0.19  -0.08   0.00   0.00   0.00
Z001000000   0.00   0.11   0.47   0.00   0.00   0.21   0.00   0.00   0.00
Z000100000   0.55   0.00  -0.21   0.82   0.00  -0.09   0.16   0.19   0.00
Z000010000   0.00   0.43   0.09   0.00   0.69   0.14  -0.14  -0.32   0.00
Z000001000   0.00   0.00   0.34   0.00   0.00   0.77   0.00   0.05   0.14
Z000000100   0.00   0.00   0.00   0.00   0.00   0.00   0.64   0.00  -0.23
Z000000010   0.00   0.00   0.00   0.00   0.00   0.10   0.00   0.62   0.00
Z000000001   0.00   0.00   0.00   0.00   0.00   0.00   0.00   0.00   0.58
Z100010000   0.00   0.00   0.00   0.00   0.07   0.00   0.00   0.00   0.00
Z100000010   0.00   0.00   0.06   0.00   0.00   0.06   0.00   0.00   0.00
Z010000100   0.00   0.00   0.00   0.09   0.00   0.00   0.00   0.00   0.00
Z001100000   0.00   0.08   0.08   0.00   0.00   0.00   0.00   0.00   0.00
Z001010000   0.00   0.00  -0.06   0.00   0.00   0.00   0.00   0.00   0.00
Z001001000   0.00   0.00  -0.05   0.00   0.00   0.00   0.00   0.00   0.00
Z000100100   0.15   0.00  -0.05   0.18   0.00  -0.06   0.00   0.00   0.00
Z000100010  -0.10   0.00   0.03  -0.12   0.00   0.05   0.00   0.00   0.00
Z000010100  -0.05   0.00   0.00   0.00   0.00   0.00   0.00  -0.14   0.00
Z000010001   0.00   0.00   0.10   0.00   0.00   0.07   0.00   0.00   0.00
Z100100100   0.00   0.00   0.02   0.00   0.00   0.00   0.00   0.00   0.00
Z100010100  -0.08   0.00   0.00  -0.10   0.00   0.06  -0.06   0.00   0.00
Z100010010   0.00   0.00   0.00   0.06   0.00   0.00   0.00   0.00   0.00
Z010010010   0.00   0.00   0.00  -0.02   0.00   0.00   0.00   0.00   0.00
Z010010001   0.00   0.00   0.00   0.00  -0.04   0.00   0.00   0.00   0.00