Z000000000  -0.26  -0.10   0.14  -0.19   0.06   0.11  -0.11  -0.37   0.02
Z100000000   0.41   0.00   0.05   0.11   0.00   0.02   0.00   0.00   0.00
Z010000000   0.00   0.56   0.00   0.00   0.16  -0.06   0.00   0.00   0.00
Z001000000   0.00   0.06   0.64   0.00   0.00   0.27   0.00   0.00   0.00
Z000100000   0.42  -0.07  -0.06   0.53  -0.13   0.04   0.11   0.18   0.02
Z000010000  -0.02   0.44   0.00   0.00   0.70   0.00   0.00  -0.11   0.00
Z000001000  -0.10   0.00   0.29  -0.12   0.00   0.64   0.00   0.00   0.00
Z000000100   0.03   0.04   0.00   0.00   0.03   0.00   0.61  -0.08   0.03
Z000000010   0.06   0.00   0.00   0.05   0.01   0.00   0.00   0.66  -0.05
Z000000001   0.00   0.00   0.00   0.00   0.00   0.00   0.03   0.07   0.66
Z100100000   0.05   0.00   0.00   0.00   0.01   0.00   0.03   0.00   0.00
Z100000010   0.03   0.00   0.00   0.00   0.00   0.00   0.00   0.00   0.00
Z010010000   0.00  -0.05   0.00   0.00   0.00   0.00   0.00   0.00   0.00
Z001001000   0.00   0.00  -0.06   0.00   0.00   0.00   0.00   0.00   0.00
Z000100100   0.12   0.01   0.00   0.11   0.03   0.00   0.04   0.03   0.00
Z000100010  -0.05   0.00   0.00  -0.05   0.00   0.00   0.00   0.03   0.00
Z000010100  -0.05   0.00   0.00  -0.02   0.00   0.00  -0.03   0.00   0.00
Z000010010   0.00   0.00   0.00   0.00   0.00   0.00   0.00  -0.05   0.00
Z100100100   0.03   0.00   0.00   0.02   0.00   0.00   0.00   0.00   0.00
Z100100010  -0.02   0.00   0.00   0.00   0.00   0.00   0.00   0.00   0.00